"Date","Facebook","Pinterest","Twitter","Instagram","YouTube","Tumblr","reddit","LinkedIn","VKontakte","news.ycombinator.com","Other"
2019-05,64.64,21.06,5.54,3.78,2.12,1.82,0.49,0.4,0.08,0.02,0.03
2019-06,62.46,24.2,5.55,2.23,2.39,2.14,0.48,0.37,0.09,0.04,0.05
2019-07,60.98,25.56,5.97,2.28,2.38,1.87,0.44,0.37,0.09,0.02,0.03
2019-08,63.35,24.87,5.58,1.64,1.9,1.77,0.4,0.36,0.09,0.02,0.03
2019-09,64.37,19.73,6.75,4.7,1.94,1.5,0.43,0.44,0.08,0.06,0.01
2019-10,49.35,15.2,15.84,14.82,2.1,1.41,0.71,0.41,0.07,0.08,0.01
2019-11,52.12,13.31,15.56,14.9,1.87,1.2,0.61,0.33,0.05,0.04,0.01
2019-12,52.04,11.92,16.43,15.84,1.69,1.04,0.7,0.26,0.03,0.04,0.01
2020-01,47.64,11.92,18.97,17.83,1.51,1,0.78,0.27,0.04,0.03,0.01
2020-02,42.41,11.9,20.31,21.73,1.61,0.91,0.76,0.31,0.04,0.01,0.01
2020-03,43.18,10.03,21.21,22.05,1.8,0.77,0.67,0.25,0.02,0.02,0.01
2020-04,41.27,12.37,21.24,20.67,2.37,0.85,0.89,0.28,0.03,0.03,0.01
2020-05,64.83,20.77,6.53,1.34,2.96,1.63,1.4,0.45,0.02,0.06,0.02
