"Date","Facebook","Pinterest","Twitter","Instagram","YouTube","Tumblr","reddit","LinkedIn","VKontakte","news.ycombinator.com","Other"
2019-05,65.41,24.08,3.62,2.47,2.76,1.1,0.23,0.23,0.07,0.02,0.01
2019-06,67.35,22.18,4.48,1.98,2.49,1.05,0.18,0.19,0.06,0.02,0.02
2019-07,65.64,24.16,4.29,1.59,2.69,1.09,0.19,0.24,0.08,0.01,0.02
2019-08,60.18,29.4,4.41,1.53,2.73,1.22,0.17,0.23,0.08,0.01,0.02
2019-09,67.42,22.56,4.11,2.22,2.2,0.87,0.21,0.26,0.09,0.03,0.01
2019-10,62.85,22.47,6.48,4.6,2.26,0.75,0.23,0.25,0.07,0.03,0.01
2019-11,59.96,25.26,6.46,5.07,2.09,0.67,0.18,0.21,0.06,0.02,0.01
2019-12,56.28,27.77,7.11,5.49,2.2,0.7,0.2,0.16,0.04,0.02,0.01
2020-01,55.65,25.85,8.86,6.53,1.9,0.71,0.25,0.16,0.05,0.02,0.02
2020-02,57.5,23.71,8.74,7.18,1.77,0.64,0.22,0.16,0.05,0.01,0.01
2020-03,59.99,19.56,10.32,7.35,1.9,0.53,0.17,0.14,0.03,0.01,0.01
2020-04,50.53,25.2,11.66,8.38,2.85,0.72,0.38,0.2,0.04,0.02,0.01
2020-05,61.13,28.64,4.23,1.48,2.82,0.83,0.6,0.19,0.04,0.03,0.01
