"Date","Facebook","Pinterest","Instagram","Twitter","YouTube","Tumblr","reddit","LinkedIn","VKontakte","Google+","Other"
2019-05,69.82,13.65,3.93,3.39,7.82,0.95,0.19,0.14,0.08,0,0.01
2019-06,64.14,11.23,4.2,2.85,16.6,0.72,0.11,0.08,0.05,0.02,0.01
2019-07,69.25,13.16,4.66,3.52,8.11,0.92,0.17,0.13,0.07,0,0.01
2019-08,71.07,13.05,3.23,3.35,8,0.91,0.14,0.14,0.09,0,0.02
2019-09,73.71,9.01,3.39,4.27,8.73,0.6,0.11,0.11,0.05,0.01,0.01
2019-10,69.5,7.32,6.91,6.61,9.02,0.37,0.08,0.08,0.03,0.06,0.01
2019-11,61.95,8.75,10.39,8.93,9.16,0.39,0.09,0.09,0.02,0.21,0.01
2019-12,58.21,7.35,13.47,10.24,10.1,0.38,0.12,0.05,0.02,0.06,0.01
2020-01,43.47,10.88,21.55,14.09,9.26,0.5,0.15,0.07,0.02,0.01,0.01
2020-02,46.89,12.36,21.4,12.57,6.14,0.44,0.12,0.05,0.02,0.01,0.01
2020-03,48.38,9.89,18,16.3,6.78,0.44,0.12,0.05,0.02,0,0.01
2020-04,50.74,9.31,14.32,16.63,7.82,0.55,0.57,0.04,0.02,0,0.01
2020-05,63.05,14.92,3.15,9.74,7.74,0.81,0.52,0.04,0.02,0,0.01
