"Date","Facebook","Pinterest","YouTube","Instagram","Twitter","Tumblr","reddit","LinkedIn","VKontakte","Other"
2019-05,94.86,2.31,1.35,0.38,0.7,0.23,0.07,0.06,0.04,0.01
2019-06,95.47,1.89,1.34,0.33,0.6,0.2,0.07,0.06,0.03,0.01
2019-07,95.97,1.88,0.95,0.33,0.51,0.17,0.04,0.1,0.04,0
2019-08,94.95,2.3,1.38,0.42,0.59,0.19,0.05,0.07,0.04,0.01
2019-09,96.13,1.64,1.08,0.36,0.55,0.14,0.04,0.03,0.02,0.01
2019-10,94.61,1.81,1.43,0.91,0.96,0.13,0.06,0.04,0.04,0.01
2019-11,95.25,1.75,0.84,0.98,0.9,0.12,0.08,0.04,0.03,0.01
2019-12,95.4,1.82,0.58,0.97,0.99,0.11,0.07,0.03,0.03,0.01
2020-01,93.99,1.89,1.29,1.32,1.25,0.11,0.09,0.03,0.02,0.01
2020-02,92.99,2.18,1.52,1.74,1.27,0.14,0.08,0.05,0.05,0
2020-03,93,1.77,1.01,2.43,1.58,0.09,0.07,0.02,0.02,0
2020-04,94.1,1.89,0.76,1.68,1.32,0.11,0.08,0.02,0.03,0.01
2020-05,96.25,2,0.83,0.23,0.39,0.14,0.11,0.02,0.02,0.01
