"Date","Facebook","YouTube","Twitter","Pinterest","Instagram","VKontakte","reddit","Tumblr","LinkedIn","Google+","Other"
2019-05,69,13.34,8.94,5.91,0.87,0.66,0.6,0.31,0.3,0.02,0.06
2019-06,62.9,10.8,15.26,7.02,1.03,0.67,0.75,0.71,0.68,0.14,0.05
2019-07,69.31,10.85,10.79,5.99,0.67,1.07,0.46,0.39,0.42,0,0.05
2019-08,71.69,9.84,8.21,7.29,0.74,0.85,0.56,0.44,0.34,0.01,0.04
2019-09,79.86,6.32,6.62,5.22,0.67,0.54,0.35,0.16,0.16,0.09,0.02
2019-10,77.7,7.53,7.33,5.48,0.85,0.46,0.24,0.19,0.18,0,0.03
2019-11,77.69,6.8,6.9,6.2,1.11,0.55,0.31,0.14,0.3,0,0.01
2019-12,72.95,9.04,8.66,7.15,1.25,0.4,0.24,0.12,0.16,0,0.02
2020-01,44.72,14.63,25.42,11.38,2.56,0.66,0.21,0.2,0.19,0.01,0.01
2020-02,53.51,15.79,15.48,10.96,2.83,0.73,0.22,0.31,0.15,0.02,0.02
2020-03,58.05,16.99,13.48,8.14,2.57,0.4,0.12,0.09,0.15,0,0.01
2020-04,48.81,22.3,14.8,9.69,3.25,0.53,0.26,0.22,0.12,0,0.02
2020-05,65.57,18.12,4.29,8.9,2.1,0.3,0.33,0.27,0.12,0,0.01
