"Date","Facebook","Pinterest","Twitter","Instagram","YouTube","Tumblr","reddit","LinkedIn","Fark","VKontakte","news.ycombinator.com","Other"
2019-05,54.8,31.53,7.57,1.89,1.68,1.38,0.67,0.33,0.07,0.05,0.02,0.01
2019-06,56.72,30.48,7.05,1.44,1.61,1.53,0.72,0.27,0.09,0.05,0.03,0.03
2019-07,54.26,32.16,7.51,1.82,1.7,1.5,0.61,0.3,0.04,0.05,0.02,0.02
2019-08,54.7,32.41,7.55,1.41,1.43,1.31,0.74,0.3,0.07,0.04,0.01,0.02
2019-09,56.62,28.95,7.75,3.01,1.43,1.21,0.47,0.43,0.03,0.05,0.04,0.01
2019-10,53.02,22.11,13.22,7.84,1.59,1.06,0.66,0.37,0.04,0.04,0.05,0.01
2019-11,51.22,22.85,13.52,8.94,1.56,0.95,0.56,0.31,0.03,0.03,0.03,0.01
2019-12,52.94,20.44,14.66,8.91,1.38,0.83,0.59,0.19,0.02,0.01,0.03,0.01
2020-01,45.01,21.31,18.75,11.4,1.52,0.9,0.78,0.23,0.02,0.02,0.03,0.03
2020-02,45.9,19.55,18.14,12.81,1.6,0.89,0.8,0.23,0.02,0.02,0.01,0.01
2020-03,50.79,15.11,17.81,13.19,1.48,0.65,0.69,0.23,0.03,0.01,0.01,0
2020-04,44.65,19.26,18.73,13.17,2.14,0.76,0.96,0.24,0.02,0.02,0.02,0.02
2020-05,60.92,25.5,7.33,1.27,2.11,1.08,1.18,0.46,0.05,0.03,0.03,0.03
