"Date","Facebook","Instagram","Twitter","Pinterest","YouTube","Tumblr","reddit","LinkedIn","VKontakte","Other"
2019-05,66.45,6.58,3.44,12.78,9.92,0.57,0.1,0.11,0.04,0
2019-06,66.28,6.91,3.26,13.41,9.38,0.55,0.07,0.1,0.04,0.01
2019-07,67.85,8.55,3.21,11.31,8.41,0.49,0.06,0.08,0.04,0.01
2019-08,58.96,8.1,3.15,17.76,10.93,0.78,0.1,0.16,0.07,0.01
2019-09,63.64,10.35,4.83,11.94,8.36,0.54,0.08,0.21,0.04,0.01
2019-10,48.35,21.55,12.52,9.44,7.52,0.4,0.06,0.13,0.03,0.01
2019-11,51.12,21.09,13.33,8.66,5.32,0.31,0.06,0.09,0.02,0
2019-12,43.52,24.38,15.64,10.3,5.66,0.33,0.08,0.06,0.02,0
2020-01,41.09,26.67,16.87,10.06,4.86,0.28,0.07,0.08,0.01,0.01
2020-02,44.8,27.31,15.2,7.93,4.35,0.29,0.06,0.05,0.01,0
2020-03,48.62,22.67,17.01,6.2,5.11,0.24,0.08,0.05,0.01,0
2020-04,50.62,18.74,16.22,7.07,6.71,0.33,0.24,0.07,0.02,0
2020-05,69.75,4.62,2.43,10.57,11.86,0.52,0.17,0.07,0.01,0
