"Date","Twitter","Pinterest","Facebook","Youku","YouTube","LinkedIn","Instagram","VKontakte","reddit","Sina Weibo","Tumblr","news.ycombinator.com","Renren","Other"
2019-05,25.23,28.09,32.02,6.21,2.75,0.87,0.43,1.12,1.17,1.06,0.73,0.18,0.13,0.02
2019-06,31.01,30.32,24.14,5.53,3.42,1.18,0.5,0.98,0.72,1.35,0.61,0.11,0.05,0.07
2019-07,28.81,33.86,18.63,6.4,5.25,1.19,0.44,1.02,2.21,1.38,0.68,0.09,0.04,0.01
2019-08,25.52,35.01,17.65,7.52,5.12,1.55,1.27,1.98,2.75,0.57,0.98,0.03,0.03,0.02
2019-09,30.32,33.97,22.74,5.45,2.88,1.78,0.48,1.16,0.29,0.32,0.47,0.11,0.01,0.01
2019-10,33.47,33.7,14.04,6.71,5.69,2.38,1.11,1.13,0.46,0.44,0.65,0.18,0.02,0.03
2019-11,36.31,31.65,10.65,8.53,4.95,3.2,1.67,1.26,0.6,0.28,0.81,0.05,0.02,0.01
2019-12,42.95,30.28,7.42,7.73,5.52,1.31,1.68,0.89,0.93,0.36,0.74,0.09,0.03,0.06
2020-01,50.63,22.36,7.56,7.45,5.31,1.17,2.11,0.71,1.1,0.55,0.93,0.09,0.01,0.03
2020-02,50.19,21.73,7.17,7.75,6.3,1.25,2.21,0.81,0.77,0.8,0.9,0.05,0.01,0.06
2020-03,39.72,36.24,6.37,7.07,4.24,1.57,2.18,0.84,0.31,0.72,0.65,0.07,0.01,0.02
2020-04,38.62,35.81,6.69,7.04,4.56,1.6,2.29,1.2,0.48,0.75,0.85,0.06,0.01,0.03
2020-05,26.15,41.44,8.07,10.53,4.9,1.9,0.93,1.79,1.07,1.76,1.29,0.11,0.03,0.01
