"Date","Facebook","Pinterest","Instagram","Twitter","YouTube","Tumblr","LinkedIn","reddit","VKontakte","Other"
2019-05,75.21,11.17,3.57,2.58,7.2,0.15,0.05,0.03,0.03,0.01
2019-06,79.35,9.26,3.63,2.16,5.4,0.1,0.03,0.03,0.02,0.02
2019-07,81.29,8.32,4.23,1.9,4.07,0.1,0.03,0.03,0.02,0
2019-08,69.11,16.28,4.85,2.35,7.05,0.18,0.07,0.06,0.04,0.01
2019-09,77.55,10.86,3.93,2.56,4.91,0.09,0.06,0.02,0.02,0
2019-10,62.05,12.1,12.15,7.69,5.8,0.09,0.06,0.04,0.02,0.01
2019-11,63.77,12.25,11.47,7.84,4.48,0.08,0.04,0.03,0.02,0.02
2019-12,50.14,14.72,18.16,10.84,5.85,0.1,0.05,0.06,0.01,0.08
2020-01,53.13,14.38,16.31,10.84,5.15,0.09,0.04,0.05,0.01,0.01
2020-02,49.54,15.36,18.02,11.77,5.1,0.1,0.06,0.05,0.01,0.01
2020-03,54.75,10.3,16.11,12.73,5.94,0.07,0.05,0.04,0.01,0
2020-04,52.83,10.12,13.11,14.29,9.41,0.12,0.04,0.06,0.01,0
2020-05,58.88,15.55,2.46,2.2,20.56,0.19,0.07,0.08,0.01,0
