"Date","Facebook","Pinterest","Instagram","Twitter","YouTube","Tumblr","reddit","LinkedIn","VKontakte","Other"
2019-05,68.29,19.43,2.89,2.27,6.64,0.3,0.05,0.06,0.04,0.01
2019-06,71.41,17.45,3.01,2.19,5.51,0.25,0.07,0.06,0.04,0.01
2019-07,72.78,16.64,3.91,1.77,4.57,0.21,0.04,0.04,0.03,0.01
2019-08,65.67,23.38,3.72,1.91,4.86,0.28,0.06,0.06,0.04,0.01
2019-09,71.1,17.1,4.62,2.59,4.25,0.18,0.04,0.09,0.02,0.01
2019-10,58.19,17.41,11.83,7.44,4.82,0.15,0.06,0.06,0.03,0.01
2019-11,61.9,16.22,10.6,7.53,3.41,0.17,0.06,0.06,0.02,0.01
2019-12,52.81,18.56,13.85,10.49,3.94,0.19,0.1,0.03,0.01,0.01
2020-01,47.1,20.66,15.57,12.21,4.07,0.23,0.11,0.04,0.01,0.01
2020-02,50.7,16.79,17.22,11.51,3.42,0.19,0.12,0.05,0.01,0
2020-03,56.25,11.15,14.15,13.98,4.23,0.11,0.07,0.04,0.01,0
2020-04,56.2,11.35,11.85,14.91,5.36,0.17,0.09,0.05,0.02,0.01
2020-05,68.28,17.71,1.33,1.81,10.43,0.25,0.13,0.04,0.01,0.01
