"Date","Facebook","Pinterest","Twitter","Instagram","YouTube","Tumblr","reddit","LinkedIn","VKontakte","news.ycombinator.com","Google+","Vimeo","Other"
2019-05,45.77,32.78,7.39,2.06,8.23,2.1,0.74,0.58,0.28,0.04,0.01,0,0.02
2019-06,45.28,29.72,10.18,1.82,7.73,2.64,1.14,0.97,0.28,0.05,0.14,0.01,0.03
2019-07,50.56,31.07,6.08,2.16,6.66,2,0.57,0.46,0.34,0.02,0.01,0,0.08
2019-08,47.1,35.21,5.69,1.42,7.19,2.1,0.48,0.33,0.42,0.03,0.01,0,0.03
2019-09,53.88,28.51,6.54,2.89,4.74,1.85,0.74,0.42,0.33,0.07,0.02,0,0.01
2019-10,47.28,23.85,11.61,8.22,5.45,1.72,0.8,0.64,0.34,0.05,0.02,0.01,0.01
2019-11,44.42,27.12,11.3,9.07,5.39,1.38,0.55,0.4,0.27,0.06,0.02,0,0.01
2019-12,45.73,22.78,13.41,9.72,5.56,1.43,0.68,0.41,0.22,0.05,0.02,0,0.01
2020-01,38.72,25.62,15.93,11.96,4.88,1.29,0.79,0.44,0.21,0.05,0.06,0.04,0.01
2020-02,35.41,28.32,14.65,13.72,5.17,1.29,0.72,0.39,0.29,0.03,0,0,0.01
2020-03,40.34,21.69,17.21,13.41,5.68,0.78,0.5,0.18,0.16,0.03,0,0.01,0.01
2020-04,40.09,21.4,18.19,11.24,6.71,0.93,1.06,0.12,0.18,0.04,0,0.02,0
2020-05,47.9,37.11,4.46,1.21,5.49,1.46,1.91,0.18,0.2,0.06,0,0.01,0.01
