"Date","Facebook","Pinterest","Twitter","Instagram","YouTube","Tumblr","reddit","LinkedIn","VKontakte","news.ycombinator.com","Other"
2019-05,75.35,13.88,3.12,3.36,2.11,1.25,0.46,0.4,0.05,0.02,0.01
2019-06,77.91,13.05,2.97,1.76,2.04,1.26,0.45,0.45,0.04,0.05,0.02
2019-07,75.61,15.33,3.17,1.86,2.1,1.16,0.37,0.31,0.06,0.02,0.02
2019-08,74.45,16.28,3.27,1.8,2,1.39,0.37,0.33,0.06,0.03,0.02
2019-09,74.32,14.19,3.96,2.89,2.26,1.31,0.38,0.55,0.06,0.07,0
2019-10,68.08,12.49,8.37,6.06,2.74,1.22,0.42,0.46,0.06,0.08,0.01
2019-11,66.77,13.18,8.69,6.52,2.74,1.2,0.42,0.33,0.06,0.09,0.01
2019-12,63.96,13.5,10.3,7.26,2.92,1.12,0.52,0.31,0.04,0.07,0.01
2020-01,64.47,13.26,10.83,7.18,2.32,1.04,0.52,0.27,0.05,0.05,0.02
2020-02,62.14,14.02,10.7,9,2.36,0.95,0.45,0.25,0.08,0.03,0.01
2020-03,64.51,12,11.93,7.98,2.23,0.63,0.38,0.27,0.02,0.03,0.01
2020-04,64.59,12.36,10.87,7.96,2.43,0.76,0.66,0.27,0.05,0.04,0.01
2020-05,74.91,13.98,2.66,2.58,3.46,0.9,1.07,0.3,0.06,0.06,0.01
