"Date","Facebook","Twitter","Pinterest","YouTube","Instagram","Tumblr","LinkedIn","reddit","VKontakte","news.ycombinator.com","Other"
2019-05,65.62,14.09,11.84,3.7,2.18,0.74,0.87,0.58,0.31,0.03,0.03
2019-06,65.08,15.54,11.82,3.78,1.6,0.82,0.65,0.4,0.24,0.02,0.05
2019-07,61.55,16.38,13.72,4.75,1.57,0.73,0.64,0.28,0.35,0.01,0.02
2019-08,62.87,16.29,13.5,4.3,1.5,0.67,0.37,0.22,0.23,0.02,0.03
2019-09,63.22,18.92,11.4,3.41,1.71,0.45,0.45,0.22,0.17,0.04,0.01
2019-10,51.95,29.87,10.73,3.66,2.54,0.49,0.35,0.16,0.17,0.06,0.01
2019-11,51.6,29.32,11.15,4.08,2.61,0.53,0.38,0.17,0.11,0.04,0.01
2019-12,52.73,29.17,10.77,3.82,2.52,0.46,0.26,0.16,0.07,0.04,0.01
2020-01,47.74,34.7,9.49,3.91,3.22,0.42,0.23,0.18,0.05,0.04,0.02
2020-02,48.48,33.32,8.64,4.68,3.98,0.41,0.23,0.18,0.06,0.01,0.01
2020-03,48.47,30.59,11.18,4.97,3.83,0.43,0.26,0.2,0.04,0.02,0.01
2020-04,44.36,28.23,15.33,5.8,5,0.45,0.41,0.33,0.05,0.03,0
2020-05,58.81,12.94,17.7,5.69,2.72,0.67,0.57,0.78,0.05,0.04,0.01
