"Date","Facebook","Pinterest","Twitter","Instagram","YouTube","Tumblr","reddit","LinkedIn","VKontakte","Other"
2019-05,91.17,5.59,1.27,0.3,0.94,0.56,0.09,0.04,0.03,0.01
2019-06,91.83,5.26,1.03,0.21,0.96,0.56,0.08,0.05,0.03,0.01
2019-07,89.06,7.21,1.29,0.31,1.31,0.66,0.07,0.05,0.04,0.01
2019-08,91.87,5.61,0.98,0.17,0.82,0.46,0.04,0.03,0.03,0
2019-09,93.53,4.07,1.07,0.3,0.61,0.35,0.03,0.02,0.02,0.01
2019-10,90.61,4.71,2.24,1.25,0.71,0.37,0.04,0.03,0.03,0.01
2019-11,89.09,5.39,2.61,1.76,0.7,0.36,0.04,0.02,0.03,0.01
2019-12,89.23,4.86,2.92,1.87,0.72,0.31,0.05,0.02,0.02,0.01
2020-01,89.53,4.45,3.2,1.87,0.58,0.27,0.05,0.02,0.02,0.01
2020-02,88.24,5.11,3.2,2.32,0.71,0.31,0.06,0.03,0.02,0.01
2020-03,92.99,2.56,2.32,1.51,0.47,0.12,0.03,0.01,0.01,0
2020-04,88,4.77,3.4,2.6,0.86,0.25,0.08,0.02,0.01,0.01
2020-05,91.83,5.78,0.83,0.2,0.87,0.31,0.14,0.02,0.02,0.01
