"Date","Facebook","Instagram","Pinterest","YouTube","Twitter","LinkedIn","reddit","VKontakte","Tumblr","Other"
2019-05,91,1.67,3.37,2.47,1.25,0.12,0.05,0.03,0.04,0
2019-06,90.36,1.17,3.7,2.38,2.16,0.1,0.05,0.03,0.04,0.01
2019-07,89.29,1.49,4.04,2.99,1.95,0.08,0.07,0.03,0.05,0
2019-08,89.79,1.41,3.68,3.11,1.79,0.07,0.06,0.03,0.04,0
2019-09,88.05,2.44,3.78,3.65,1.82,0.09,0.09,0.03,0.04,0.01
2019-10,83.8,4.69,3.83,4.59,2.84,0.08,0.07,0.05,0.04,0.01
2019-11,84.68,4.84,3.85,4.06,2.3,0.08,0.06,0.08,0.04,0.01
2019-12,82.53,5.03,3.76,6.66,1.79,0.06,0.05,0.07,0.03,0.01
2020-01,83.56,6.51,4.08,3.39,2.23,0.06,0.06,0.07,0.04,0.01
2020-02,82.11,7.94,4.59,2.64,2.43,0.07,0.08,0.08,0.05,0.01
2020-03,84.94,6.32,3.35,2.61,2.58,0.07,0.06,0.04,0.03,0
2020-04,86.04,4.84,3,3.26,2.57,0.07,0.15,0.03,0.04,0
2020-05,90.06,2.34,2.9,3.18,1.28,0.08,0.08,0.03,0.05,0.01
