"Date","Facebook","YouTube","Twitter","Pinterest","Instagram","Tumblr","VKontakte","reddit","LinkedIn","Other"
2019-05,41.41,15.35,18.07,13.84,10.62,0.23,0.18,0.21,0.09,0.01
2019-06,42.99,19.83,14.32,14.32,7.99,0.21,0.22,0.06,0.05,0.01
2019-07,45.41,24.34,8.95,12.37,8.14,0.27,0.3,0.1,0.1,0.01
2019-08,51.6,21.14,7.54,11.66,7.4,0.27,0.26,0.08,0.05,0.01
2019-09,53.01,22.4,7.05,10.22,6.79,0.19,0.19,0.08,0.06,0.02
2019-10,64.63,19.03,4.4,5.93,5.64,0.14,0.12,0.07,0.03,0.01
2019-11,43.1,18.15,23.5,7.54,7.31,0.18,0.12,0.04,0.04,0.01
2019-12,20.94,22.22,42.75,7.8,5.91,0.17,0.1,0.07,0.03,0.01
2020-01,35.75,31.76,11.67,11.09,9.2,0.25,0.11,0.12,0.04,0.01
2020-02,34.77,30.06,12.74,11.44,10.41,0.26,0.11,0.14,0.04,0.03
2020-03,38.89,36.39,10.95,8.25,5.17,0.16,0.09,0.06,0.03,0
2020-04,49.73,29.29,7.84,7.29,5.48,0.2,0.07,0.07,0.03,0.01
2020-05,50.87,27.03,8.06,8.39,5.26,0.2,0.06,0.07,0.05,0
