"Date","Facebook","Pinterest","Instagram","YouTube","Twitter","Tumblr","reddit","VKontakte","LinkedIn","news.ycombinator.com","Other"
2019-05,71,11.22,3.33,9.98,3.26,0.46,0.27,0.23,0.21,0.01,0.02
2019-06,77.82,10.51,2.14,5.37,3.16,0.41,0.17,0.19,0.18,0.02,0.03
2019-07,70.21,14.8,2.67,7.48,3.51,0.53,0.24,0.29,0.23,0.01,0.04
2019-08,66.92,17.79,2.06,7.37,4.25,0.72,0.25,0.34,0.26,0.01,0.03
2019-09,66.93,14.2,4.72,8.25,4.59,0.51,0.2,0.28,0.26,0.04,0.03
2019-10,61.13,13.73,9.24,7.37,7.23,0.53,0.23,0.25,0.23,0.04,0.02
2019-11,62.93,12.4,8.93,7.31,7.15,0.45,0.25,0.3,0.23,0.04,0.02
2019-12,63.3,11.98,9.08,7.34,7.19,0.38,0.25,0.23,0.2,0.03,0.01
2020-01,63.24,12.05,10.08,5.28,8.41,0.33,0.24,0.18,0.17,0.03,0.01
2020-02,57.36,15.28,12.05,4.66,9.54,0.37,0.27,0.24,0.19,0.02,0.01
2020-03,62.31,10.67,11.53,5.05,9.58,0.3,0.2,0.17,0.15,0.02,0.01
2020-04,62.87,10.42,10.31,6.38,9.02,0.46,0.29,0.11,0.12,0.02,0
2020-05,75.85,10.95,1.29,8.16,2.51,0.5,0.47,0.1,0.13,0.03,0
