"Date","Facebook","Pinterest","Instagram","Twitter","YouTube","Tumblr","reddit","LinkedIn","VKontakte","Google+","Other"
2019-05,73.76,13.62,2.22,4.33,3.88,1.4,0.36,0.3,0.12,0,0.02
2019-06,75.65,11.85,1.66,4.66,3.79,1.42,0.33,0.48,0.11,0.02,0.03
2019-07,73.65,12.79,1.94,5.16,3.91,1.44,0.31,0.65,0.12,0,0.02
2019-08,74.23,13.76,1.5,4.89,3.44,1.4,0.17,0.49,0.12,0,0.02
2019-09,73.21,11.56,3.72,6.66,3.17,1.19,0.14,0.22,0.11,0.01,0.02
2019-10,62.99,10.75,11.42,10.41,3.07,0.92,0.12,0.17,0.09,0.02,0.03
2019-11,62.11,11.03,13.06,9.69,2.78,0.75,0.13,0.16,0.08,0.19,0.02
2019-12,63.71,10.73,12.49,9.38,2.62,0.67,0.13,0.1,0.07,0.08,0.02
2020-01,56.73,13.41,15.65,10.7,2.38,0.69,0.22,0.11,0.06,0.01,0.03
2020-02,58.95,13.15,14.01,10.45,2.4,0.66,0.2,0.1,0.07,0,0.01
2020-03,71.78,6.82,10.01,8.69,2.12,0.32,0.12,0.08,0.04,0,0.01
2020-04,69.05,8.06,9.25,9.84,2.96,0.45,0.18,0.1,0.1,0,0.01
2020-05,80.77,10.33,1.83,2.87,2.97,0.63,0.29,0.12,0.17,0,0.01
