"Date","Twitter","Pinterest","Facebook","YouTube","Instagram","Tumblr","reddit","LinkedIn","VKontakte","mixi","news.ycombinator.com","Other"
2019-05,18.72,32.3,24.99,17.93,3.9,0.98,0.65,0.28,0.11,0.08,0.03,0.03
2019-06,22.68,33.64,23.96,15.37,2.33,0.98,0.53,0.27,0.12,0.06,0.02,0.05
2019-07,25.03,41.27,19.67,9.78,2.14,0.96,0.65,0.22,0.14,0.12,0.01,0.03
2019-08,23.94,44.29,20.86,7.48,1.84,0.92,0.29,0.18,0.11,0.06,0.01,0.03
2019-09,22.81,38.52,23.78,10.75,2.54,0.78,0.41,0.21,0.1,0.04,0.04,0.02
2019-10,33.35,31.34,21.64,7.63,3.97,1.09,0.46,0.3,0.1,0.04,0.07,0.02
2019-11,30.38,35.86,21.72,5.76,4.37,1.04,0.43,0.3,0.07,0.01,0.04,0.02
2019-12,35.28,25.22,24.68,7.42,5.58,0.9,0.49,0.24,0.06,0.09,0.04,0.01
2020-01,42.26,22.3,20.13,7.07,6.53,0.86,0.49,0.17,0.07,0.06,0.04,0.03
2020-02,42.77,17.92,22.25,9.59,5.61,0.84,0.56,0.3,0.07,0.06,0.01,0.02
2020-03,48.09,14.64,19.42,12.26,4.79,0.46,0.2,0.06,0.04,0.01,0.02,0.01
2020-04,46.13,17.51,18.65,11.13,5.37,0.67,0.35,0.1,0.05,0.01,0.02,0.01
2020-05,31.42,28.91,28.23,6.04,3.44,1.11,0.57,0.15,0.07,0.01,0.04,0.02
