"Date","Pinterest","YouTube","VKontakte","Facebook","Instagram","Twitter","Tumblr","reddit","LinkedIn","Google+","StumbleUpon","news.ycombinator.com","Other"
2019-05,26.98,13.34,22.11,17.46,10.6,7.71,0.53,0.38,0.45,0.2,0.22,0.01,0
2019-06,29.7,15.23,17.86,16.37,8.14,8.29,1.18,0.96,0.92,0.75,0.59,0.01,0.01
2019-07,27.78,13.86,22.12,12.88,11.79,6.68,1.21,1.12,1.09,0.71,0.74,0.01,0.02
2019-08,28.28,14.84,30.78,13.75,5.73,5.01,0.6,0.35,0.33,0.15,0.14,0.02,0.01
2019-09,26.23,15.28,25.67,17.95,6.33,6.02,0.73,0.49,0.58,0.37,0.31,0.01,0.02
2019-10,23.32,14.55,22.15,14.78,14.54,8.1,0.72,0.52,0.53,0.41,0.36,0.03,0
2019-11,27.11,14.78,19.09,12.62,15.64,8.76,0.58,0.38,0.51,0.25,0.26,0.01,0
2019-12,31.52,16.13,14.15,21.22,10.81,5.58,0.28,0.18,0.11,0,0,0.01,0
2020-01,38.94,17.88,13.33,11.32,8.05,9.6,0.41,0.2,0.22,0.01,0,0.03,0.01
2020-02,54.67,13.97,10.62,7.52,6.46,5.86,0.38,0.11,0.21,0.08,0,0.01,0.1
2020-03,35.22,26.03,11.51,10.07,6.87,9.42,0.59,0.1,0.17,0,0,0.01,0.01
2020-04,29.02,24.09,8.07,8,18.3,11.39,0.8,0.23,0.08,0,0,0.01,0
2020-05,35.5,24.76,12.31,11.2,7.38,6.35,1.62,0.58,0.27,0,0,0.03,0
