"Date","Facebook","Pinterest","Twitter","Instagram","YouTube","LinkedIn","Tumblr","reddit","VKontakte","news.ycombinator.com","Other"
2019-05,62.3,19.07,10.93,4.15,2.8,0.21,0.14,0.18,0.21,0.01,0.01
2019-06,61.36,20.7,11.93,2.17,2.95,0.24,0.2,0.2,0.18,0.04,0.04
2019-07,57.8,22.82,12.7,2.75,3.16,0.26,0.18,0.12,0.2,0.01,0.01
2019-08,56.74,22.92,13.17,3.4,3.02,0.26,0.17,0.12,0.19,0.01,0.01
2019-09,60.28,20.38,12.16,3.35,3.12,0.25,0.15,0.07,0.21,0.03,0.02
2019-10,57.26,16.39,15.11,7.72,2.92,0.17,0.11,0.08,0.21,0.02,0.01
2019-11,49.32,19.59,17.3,9.22,4.03,0.19,0.14,0.08,0.09,0.02,0.01
2019-12,43.46,20.42,21.88,9.41,4.36,0.14,0.2,0.09,0.02,0.02,0
2020-01,37.84,23.74,24.85,9.35,3.65,0.17,0.2,0.14,0.02,0.02,0.02
2020-02,41.51,22.32,22.21,10.06,3.26,0.23,0.23,0.12,0.02,0.01,0.02
2020-03,35.86,21.84,26.08,12.07,3.7,0.19,0.13,0.08,0.03,0.01,0.01
2020-04,27.73,22.07,29.3,15.57,4.67,0.2,0.2,0.16,0.06,0.02,0.01
2020-05,37.12,29.41,23.77,2.06,6.47,0.33,0.38,0.38,0.03,0.02,0.01
