"Date","Facebook","YouTube","Twitter","Instagram","Pinterest","VKontakte","Tumblr","reddit","Other"
2019-05,64.92,28.38,4.75,0.35,1.32,0.14,0.09,0.02,0.03
2019-06,56.96,25.77,15.13,0.29,1.5,0.16,0.14,0.02,0.02
2019-07,61.39,27.38,8.38,0.55,1.84,0.27,0.14,0.02,0.02
2019-08,71.02,18.13,9.06,0.14,1.36,0.18,0.07,0.02,0.01
2019-09,76.15,17.54,4.45,0.61,1.07,0.11,0.05,0.01,0.01
2019-10,70.7,19.81,5.47,2.56,1.26,0.11,0.07,0.02,0.01
2019-11,67.76,20.39,5.79,4.29,1.54,0.14,0.08,0.02,0.01
2019-12,71.35,16.91,6.37,3.78,1.32,0.19,0.06,0.01,0.01
2020-01,69.6,15.7,8.96,4.37,1.19,0.1,0.06,0.02,0.01
2020-02,67.05,15.07,9.56,6.44,1.66,0.07,0.06,0.08,0
2020-03,53.09,24.67,12.24,7.81,1.96,0.09,0.07,0.05,0.02
2020-04,39.78,36.41,18.63,3.85,1.18,0.06,0.05,0.03,0
2020-05,42.47,47.06,7.6,1.16,1.51,0.09,0.06,0.03,0.01
