"Date","Facebook","Pinterest","Twitter","Instagram","YouTube","Tumblr","LinkedIn","reddit","VKontakte","news.ycombinator.com","Other"
2019-05,67.79,20.03,5.23,1.92,2.64,0.83,0.67,0.67,0.18,0.03,0.02
2019-06,68.16,19.56,5.34,0.98,3.93,0.88,0.62,0.34,0.12,0.05,0.02
2019-07,67.34,20.02,5.25,1.4,4.06,0.79,0.59,0.31,0.19,0.03,0.02
2019-08,64.08,21.82,7.65,1.15,3.14,1.22,0.45,0.24,0.2,0.02,0.04
2019-09,69.46,17.43,6.75,1.95,2.55,0.88,0.55,0.16,0.19,0.06,0.02
2019-10,61,14.84,11.26,6.38,4.17,1.31,0.45,0.36,0.13,0.06,0.04
2019-11,59.47,16.63,11.58,6.79,3.11,1.24,0.51,0.41,0.17,0.07,0.03
2019-12,57.45,18.05,12,7.77,3.01,0.85,0.28,0.35,0.15,0.05,0.02
2020-01,56.27,17.49,13.24,8.63,2.71,0.89,0.27,0.33,0.12,0.04,0.01
2020-02,59.47,15.28,11.8,8.56,2.46,0.94,0.67,0.71,0.09,0.02,0.01
2020-03,61.08,13.22,13.38,8.69,2.58,0.42,0.27,0.27,0.07,0.01,0.01
2020-04,58.01,15.99,13.13,7.75,3.72,0.62,0.37,0.31,0.08,0.02,0.01
2020-05,69.24,20.54,4.31,0.77,2.97,0.92,0.43,0.61,0.11,0.08,0.02
