"Date","Facebook","Pinterest","YouTube","Twitter","Instagram","Tumblr","reddit","LinkedIn","VKontakte","Other"
2019-05,86.99,7.24,3.57,1.6,0.24,0.05,0.2,0.06,0.06,0
2019-06,86.46,7.06,4.57,1.5,0.16,0.13,0.02,0.03,0.05,0
2019-07,88.32,6.68,3.37,1.21,0.25,0.03,0.04,0.04,0.05,0.01
2019-08,86.3,8.24,3.44,1.55,0.32,0.04,0.02,0.03,0.06,0.01
2019-09,77.67,13.84,5.55,2.28,0.35,0.05,0.1,0.1,0.05,0.01
2019-10,70.34,18.19,6.74,3.66,0.71,0.1,0.03,0.1,0.12,0.01
2019-11,62.09,24.5,7.62,4.11,1.23,0.11,0.07,0.21,0.07,0
2019-12,58.68,25.44,7.47,6.16,1.72,0.09,0.11,0.2,0.13,0.01
2020-01,56.09,29.29,7.1,5.17,1.97,0.1,0.1,0.1,0.07,0
2020-02,56.03,26.84,8.37,6.27,1.93,0.23,0.13,0.16,0.06,0
2020-03,64.02,20.43,8.07,4.87,2.32,0.13,0.05,0.09,0.03,0
2020-04,52.25,27.85,9.38,7.79,2.19,0.2,0.09,0.14,0.1,0.01
2020-05,56.68,23.59,13.7,5.23,0.18,0.3,0.2,0.07,0.05,0.01
