"Date","Facebook","Twitter","Pinterest","Instagram","YouTube","Tumblr","VKontakte","reddit","LinkedIn","Other"
2019-05,77.94,4.53,5.07,9.32,2.49,0.33,0.16,0.08,0.07,0.01
2019-06,75.97,8.09,7.01,4.93,3.09,0.53,0.21,0.1,0.08,0.01
2019-07,77.25,6.06,7.28,5.72,2.84,0.44,0.25,0.09,0.07,0
2019-08,76.43,6.16,7.58,5.66,3.28,0.51,0.21,0.1,0.08,0.01
2019-09,77.88,5.76,7.43,4.05,3.98,0.46,0.23,0.09,0.11,0.01
2019-10,75.73,8.12,6.14,5.54,3.73,0.35,0.18,0.11,0.09,0.01
2019-11,74.04,8.95,6.57,5.88,3.8,0.37,0.16,0.11,0.1,0.01
2019-12,74.82,9.3,6.16,5.59,3.52,0.3,0.11,0.11,0.08,0
2020-01,74.59,10.61,5.71,5.75,2.73,0.29,0.11,0.13,0.06,0.01
2020-02,82,9.9,2.67,3.81,1.34,0.15,0.05,0.05,0.03,0
2020-03,77.51,10.65,3.63,4.82,3.01,0.2,0.05,0.08,0.04,0
2020-04,80.79,7.45,3.9,4.21,3.23,0.21,0.04,0.12,0.04,0
2020-05,80.2,6.63,6,3.16,3.32,0.29,0.05,0.26,0.06,0.01
