"Date","Facebook","Pinterest","Twitter","Instagram","YouTube","LinkedIn","Tumblr","reddit","VKontakte","Other"
2019-05,85.46,7.72,2.67,0.62,2.06,0.15,0.33,0.81,0.11,0.06
2019-06,81.27,11.14,3.57,0.48,2.42,0.4,0.4,0.1,0.19,0.04
2019-07,84.13,9.92,2.71,1.11,1.51,0.11,0.27,0.09,0.13,0.02
2019-08,87.23,7.99,2.34,0.88,1.03,0.13,0.14,0.06,0.17,0.01
2019-09,88.43,6.42,2.42,1.07,1.28,0.12,0.08,0.06,0.12,0
2019-10,86.49,5.96,3.74,2.33,1.15,0.12,0.11,0.04,0.07,0
2019-11,83.26,6.86,5.64,2.38,1.38,0.22,0.15,0.06,0.05,0.01
2019-12,80.97,8.16,5.28,3.38,1.23,0.69,0.13,0.11,0.04,0.01
2020-01,70.68,11.76,9.18,5.46,1.81,0.62,0.28,0.14,0.04,0.02
2020-02,69.31,10.81,11.45,5.79,1.84,0.19,0.4,0.11,0.08,0.01
2020-03,60.81,12.57,13.08,8.55,4.33,0.19,0.23,0.18,0.06,0
2020-04,51.87,19.15,14.21,7.85,6.09,0.18,0.31,0.3,0.04,0
2020-05,77.84,12.75,4.47,0.54,3.5,0.09,0.41,0.37,0.02,0
