"Date","Facebook","Pinterest","Twitter","Instagram","YouTube","Tumblr","LinkedIn","reddit","VKontakte","news.ycombinator.com","Other"
2019-05,61.61,22.03,7.07,4.14,2.91,1.15,0.52,0.42,0.11,0.02,0.03
2019-06,62.42,21.09,8.16,3.23,2.73,1.15,0.5,0.41,0.2,0.04,0.06
2019-07,62.88,21.21,8.56,2.69,2.46,1.03,0.44,0.36,0.33,0.02,0.03
2019-08,62.52,22.74,8,2.58,2.16,1.06,0.44,0.31,0.13,0.02,0.04
2019-09,62.86,21.5,7.61,3.35,2.43,0.98,0.59,0.48,0.13,0.05,0.03
2019-10,53.6,25.59,9.85,6.05,2.77,0.93,0.6,0.42,0.1,0.05,0.04
2019-11,50.9,29.15,9.44,6.03,2.53,0.83,0.57,0.42,0.08,0.05,0.02
2019-12,49.02,29.98,10.12,6.37,2.53,0.84,0.56,0.45,0.07,0.04,0.03
2020-01,52.53,26.56,10.78,6.25,2.17,0.69,0.44,0.43,0.05,0.03,0.07
2020-02,54.17,23.74,10.6,7.45,2.18,0.79,0.5,0.47,0.07,0.02,0.02
2020-03,65.61,15.5,9.75,6.32,1.76,0.35,0.37,0.27,0.04,0.02,0.01
2020-04,58.33,20.16,10.73,6.82,2.5,0.55,0.37,0.44,0.06,0.03,0.02
2020-05,62.21,24.29,7.15,2.12,2.43,0.61,0.41,0.67,0.06,0.05,0.01
