"Date","Facebook","YouTube","Pinterest","Instagram","Twitter","Tumblr","LinkedIn","reddit","VKontakte","Other"
2019-05,77.57,10.72,8.02,1.55,1.76,0.24,0.06,0.03,0.05,0
2019-06,80.44,8.29,7.92,1.45,1.56,0.21,0.05,0.03,0.04,0
2019-07,83.39,6.59,6.81,1.47,1.4,0.22,0.04,0.04,0.04,0
2019-08,71.99,11.41,12.01,2.2,1.8,0.34,0.08,0.09,0.07,0.01
2019-09,76.36,9.07,9.46,2.43,2.22,0.22,0.12,0.06,0.04,0.01
2019-10,64.7,9.96,10.21,8.45,6.26,0.24,0.07,0.06,0.04,0
2019-11,72.06,6.17,8.37,7.57,5.51,0.19,0.06,0.04,0.03,0
2019-12,59.1,8.72,11.46,11.58,8.73,0.26,0.05,0.07,0.03,0
2020-01,60.36,8.02,10.71,11.65,8.9,0.22,0.05,0.07,0.02,0
2020-02,64.46,6.73,8.53,11.61,8.3,0.21,0.06,0.06,0.03,0
2020-03,65.14,7.58,6.4,10.4,10.19,0.15,0.07,0.05,0.01,0
2020-04,61.89,10.95,6.96,9.5,10.33,0.19,0.08,0.09,0.02,0
2020-05,69.35,19.45,8.34,0.95,1.51,0.21,0.05,0.11,0.02,0
