"Date","Facebook","Pinterest","Twitter","YouTube","Instagram","Tumblr","reddit","LinkedIn","VKontakte","news.ycombinator.com","Other"
2019-05,57.87,21.39,4.46,10.05,2.02,3.06,0.52,0.27,0.29,0.03,0.03
2019-06,57.57,20.06,5.32,10.56,1.85,3.11,0.69,0.45,0.24,0.05,0.1
2019-07,63.1,18.84,3.85,8.72,1.93,2.52,0.54,0.25,0.21,0.02,0.04
2019-08,61.04,20.51,4.77,8.78,1.39,2.68,0.29,0.22,0.26,0.03,0.02
2019-09,75.79,11.44,3.79,4.83,2.03,1.57,0.15,0.2,0.14,0.04,0.01
2019-10,81.29,6.91,3.94,3.38,3.25,0.85,0.12,0.11,0.1,0.03,0.02
2019-11,78.79,8.28,4.07,4.16,3.49,0.88,0.12,0.08,0.1,0.02,0.01
2019-12,76.78,7.91,4.69,3.88,5.66,0.77,0.15,0.06,0.07,0.02,0
2020-01,74.53,9.1,6.12,2.84,6.25,0.8,0.18,0.07,0.07,0.02,0.01
2020-02,76.27,9.01,5.38,2.6,5.73,0.7,0.14,0.06,0.09,0.01,0
2020-03,85.52,4.52,4.25,1.72,3.51,0.34,0.08,0.04,0.02,0.01,0
2020-04,79.18,6.84,6.1,3.04,3.97,0.55,0.21,0.06,0.04,0.02,0
2020-05,83.86,7.98,3.79,2.84,0.41,0.66,0.34,0.06,0.04,0.02,0
