"Date","Facebook","Instagram","Pinterest","Twitter","YouTube","Tumblr","reddit","LinkedIn","VKontakte","news.ycombinator.com","Other"
2019-05,82.28,2.81,7.5,3.49,2.15,1.19,0.31,0.19,0.07,0.01,0.01
2019-06,80.55,3.59,7.22,3.73,3.03,1.16,0.42,0.18,0.07,0.01,0.02
2019-07,77.09,5.22,8.33,4.83,2.57,1.24,0.41,0.22,0.07,0.01,0.02
2019-08,77.59,4.54,9.47,3.26,2.85,1.42,0.47,0.3,0.08,0.01,0.01
2019-09,83.04,4.27,5.74,3.38,2.24,0.83,0.2,0.2,0.06,0.02,0.01
2019-10,74.17,9.68,5.95,6.17,2.69,0.82,0.22,0.22,0.06,0.02,0.01
2019-11,67.11,12.76,7.5,8.29,2.94,0.9,0.21,0.21,0.05,0.02,0.01
2019-12,66.81,12.96,7.24,8.78,2.93,0.83,0.26,0.14,0.03,0.02,0.01
2020-01,70.42,11.6,6.46,8.29,2.06,0.74,0.27,0.11,0.03,0.02,0.01
2020-02,83.45,6.63,3.89,4.56,0.84,0.41,0.12,0.08,0.02,0,0
2020-03,84.8,5.82,2.69,5.35,0.9,0.27,0.11,0.05,0.01,0,0
2020-04,85.41,4.72,3.37,4.33,1.6,0.32,0.16,0.07,0.02,0,0
2020-05,86.33,3.59,5.75,1.72,1.61,0.54,0.33,0.09,0.02,0.01,0
