"Date","Facebook","Twitter","Pinterest","YouTube","Instagram","Tumblr","LinkedIn","reddit","VKontakte","Other"
2019-05,83.3,3.55,4.42,7.24,1.03,0.17,0.14,0.13,0.01,0.01
2019-06,83.67,4.65,4.89,5.08,1.05,0.25,0.19,0.17,0.02,0.03
2019-07,80.55,5.79,5.6,6.15,1.26,0.24,0.16,0.22,0.02,0.01
2019-08,83.73,5.17,5.33,4.05,1.15,0.23,0.15,0.12,0.05,0.01
2019-09,83.1,5.21,5.38,4.26,1.48,0.17,0.19,0.15,0.04,0.01
2019-10,79.95,7.89,4.76,4.21,2.64,0.21,0.16,0.13,0.04,0.01
2019-11,79.71,7.44,5.06,4.46,2.85,0.18,0.19,0.1,0.03,0.01
2019-12,79.93,6.33,5.34,6.11,1.81,0.18,0.14,0.11,0.04,0.01
2020-01,77.92,8.75,4.78,3.56,4.33,0.19,0.21,0.2,0.05,0.02
2020-02,77.54,9.1,4.88,3.2,4.69,0.21,0.17,0.17,0.02,0.01
2020-03,79.99,8.7,3.61,3.04,4.26,0.13,0.12,0.13,0.01,0.01
2020-04,79.87,8.67,4.12,3.82,3.13,0.14,0.1,0.15,0.01,0
2020-05,84.82,3.68,4.86,5.01,1.03,0.19,0.21,0.17,0.01,0
