"Date","Facebook","Twitter","Pinterest","Instagram","YouTube","Tumblr","reddit","LinkedIn","VKontakte","news.ycombinator.com","StumbleUpon","Other"
2019-05,65.93,9.87,11.16,5.42,3.78,1.64,0.83,0.95,0.38,0.03,0.02,0.01
2019-06,63.94,12.57,11.25,4.38,4.01,1.59,0.89,0.98,0.33,0.02,0.01,0.04
2019-07,59.93,13.41,12.59,4.71,4.11,1.94,1.27,1.65,0.35,0.01,0.01,0.02
2019-08,69.78,8.88,11.9,3.87,3.04,1.14,0.53,0.49,0.32,0.02,0.01,0.01
2019-09,70.79,8.76,11.02,4,2.92,1.04,0.47,0.7,0.25,0.04,0.01,0.01
2019-10,68.75,12.53,9.15,4.47,2.85,0.95,0.4,0.59,0.23,0.06,0.01,0.01
2019-11,67.25,13.42,9.1,4.92,3.11,1.01,0.45,0.52,0.17,0.04,0.01,0
2019-12,69.58,13.05,8.05,4.7,2.81,0.74,0.52,0.37,0.12,0.03,0.01,0
2020-01,60.1,20.22,9.28,5.69,2.82,0.79,0.57,0.33,0.15,0.04,0.01,0.01
2020-02,56.64,22.7,9.34,6.11,3.2,0.83,0.59,0.37,0.18,0.01,0.01,0.01
2020-03,62.56,19.54,7.59,5.45,3.29,0.61,0.46,0.38,0.09,0.02,0.02,0
2020-04,57.19,19.4,9.54,5.8,5.57,0.83,0.91,0.61,0.09,0.04,0.02,0.01
2020-05,76.44,5.29,8.66,2.26,4.95,0.78,1.01,0.51,0.07,0.03,0,0
