"Date","Facebook","Instagram","Twitter","Pinterest","YouTube","Tumblr","reddit","LinkedIn","VKontakte","Other"
2019-05,74.82,5.52,6.12,9.29,3.07,0.8,0.11,0.16,0.09,0.01
2019-06,88.33,2.27,3.16,4.28,1.41,0.37,0.05,0.08,0.04,0.01
2019-07,89.21,2.8,2.93,3.35,1.22,0.34,0.03,0.07,0.03,0.01
2019-08,88.1,3.33,3.07,3.79,1.15,0.31,0.14,0.07,0.03,0.01
2019-09,87.95,3.4,3.17,3.58,1.23,0.29,0.25,0.08,0.03,0.01
2019-10,81.39,6.42,5.98,4.06,1.38,0.25,0.37,0.08,0.05,0.02
2019-11,80.57,7.77,5.6,4.28,1.22,0.2,0.22,0.07,0.05,0.01
2019-12,84.22,5.82,4.65,3.9,0.97,0.16,0.18,0.05,0.04,0.01
2020-01,82.85,6.71,5.26,3.91,0.86,0.16,0.15,0.06,0.03,0.01
2020-02,85.19,6.04,4.56,3.1,0.81,0.12,0.11,0.05,0.03,0
2020-03,84.52,6.26,5.74,2.29,0.91,0.09,0.13,0.05,0.02,0
2020-04,79.32,7.55,7.85,3.23,1.57,0.14,0.24,0.07,0.03,0.01
2020-05,87.49,2.2,3.2,4.62,1.91,0.21,0.27,0.08,0.02,0.01
