"Date","Facebook","Pinterest","Twitter","Instagram","YouTube","Tumblr","LinkedIn","reddit","news.ycombinator.com","VKontakte","Other"
2019-05,64.88,21.79,6.32,2.4,2.77,0.83,0.56,0.28,0.05,0.1,0.02
2019-06,67.88,19.52,6.76,1.38,2.54,0.9,0.52,0.3,0.08,0.09,0.03
2019-07,66.87,19.54,7.01,1.85,2.72,0.94,0.61,0.28,0.04,0.12,0.02
2019-08,63.67,22.9,7.33,1.67,2.51,0.94,0.53,0.27,0.06,0.11,0.02
2019-09,69.02,17.11,6.95,2.92,2.08,0.84,0.51,0.36,0.1,0.1,0.01
2019-10,60.03,16.14,11.57,7.77,2.57,0.74,0.63,0.32,0.12,0.09,0.01
2019-11,58.54,18.23,11.35,7.72,2.4,0.67,0.52,0.36,0.11,0.09,0.01
2019-12,56.82,18.84,12.18,8.39,2.32,0.55,0.39,0.35,0.09,0.07,0.01
2020-01,54.22,18.76,13.66,9.69,2.28,0.53,0.31,0.38,0.09,0.05,0.02
2020-02,56.06,18.91,11.98,9.84,2.04,0.51,0.31,0.23,0.05,0.06,0.01
2020-03,59.53,15.74,12.34,9.38,1.98,0.41,0.33,0.21,0.04,0.04,0.01
2020-04,53.66,18.5,13.53,9.58,2.71,0.98,0.5,0.42,0.07,0.06,0.01
2020-05,63.32,24.32,5.29,0.98,3.27,1.47,0.57,0.6,0.11,0.05,0.02
