"Date","Facebook","Twitter","Pinterest","YouTube","Instagram","reddit","Tumblr","LinkedIn","VKontakte","Other"
2019-05,86.07,3.88,4.05,3.26,1.08,0.99,0.36,0.17,0.13,0.02
2019-06,89.76,2.5,3.34,2.75,0.69,0.39,0.28,0.13,0.13,0.02
2019-07,87.62,3.58,3.38,3.67,0.57,0.56,0.29,0.15,0.17,0.01
2019-08,88.33,3.43,3.96,3.04,0.5,0.22,0.27,0.1,0.14,0.01
2019-09,84.24,8.3,3.58,2.32,0.65,0.4,0.23,0.13,0.12,0.03
2019-10,60.04,31.29,4.21,2.54,1.28,0.2,0.21,0.09,0.11,0.02
2019-11,52.14,37.34,4.76,3.36,1.84,0.2,0.18,0.07,0.1,0.02
2019-12,57.47,33.23,4.38,2.72,1.63,0.2,0.2,0.09,0.06,0.02
2020-01,43.86,45.5,4.45,3.01,2.37,0.36,0.25,0.11,0.06,0.02
2020-02,44.14,43.14,4.66,4.06,3.05,0.38,0.29,0.19,0.07,0.02
2020-03,46.3,41.59,5.4,3.53,2.67,0.22,0.17,0.05,0.05,0.02
2020-04,55.53,32.63,5.76,3.09,2.47,0.25,0.18,0.03,0.04,0.01
2020-05,81.75,5.05,7.57,3.39,1.6,0.28,0.26,0.05,0.04,0.02
