"Date","Facebook","Twitter","Pinterest","Instagram","YouTube","Tumblr","reddit","LinkedIn","VKontakte","news.ycombinator.com","Other"
2019-05,61.18,15.09,15.17,3.26,2.06,2,0.69,0.44,0.06,0.02,0.02
2019-06,59.57,17.19,15.61,2.59,1.93,1.91,0.64,0.42,0.07,0.04,0.03
2019-07,57.66,18.74,15.78,2.97,1.86,2.03,0.43,0.41,0.07,0.02,0.02
2019-08,60.51,16.46,16.29,2.33,1.74,1.89,0.35,0.32,0.06,0.02,0.02
2019-09,58.09,20.25,12.91,4.76,1.57,1.51,0.37,0.43,0.06,0.04,0.01
2019-10,44.6,31.16,9.55,10.84,1.55,1.22,0.64,0.33,0.07,0.04,0.01
2019-11,43.49,30.13,9.66,12.86,1.62,1.16,0.62,0.32,0.08,0.04,0.01
2019-12,40.18,33.13,8.48,14.42,1.59,1.07,0.77,0.23,0.08,0.03,0.01
2020-01,37.09,35.89,9,14.47,1.49,0.98,0.72,0.25,0.07,0.03,0.02
2020-02,36.12,37.06,7.77,15.62,1.55,0.9,0.65,0.23,0.07,0.02,0.01
2020-03,39.64,35.38,6.1,16.01,1.63,0.48,0.51,0.21,0.03,0.01,0.01
2020-04,36.01,37.14,8.23,15.15,1.9,0.61,0.66,0.24,0.03,0.02,0.01
2020-05,60.3,17.47,15.35,1.77,2.52,1.13,0.93,0.43,0.05,0.05,0.01
