"Date","Facebook","Pinterest","Twitter","Instagram","YouTube","reddit","Tumblr","LinkedIn","Fark","VKontakte","news.ycombinator.com","Other"
2019-05,46.25,29.37,7.94,1.77,1.41,11.9,0.93,0.29,0.07,0.03,0.02,0.02
2019-06,54.38,32.66,8,1.48,1.53,0.49,1.04,0.26,0.08,0.03,0.03,0.02
2019-07,50.87,35.9,7.81,1.87,1.6,0.56,1.04,0.25,0.04,0.03,0.01,0.02
2019-08,53.6,34.55,7.11,1.42,1.33,0.72,0.92,0.22,0.06,0.03,0.01,0.02
2019-09,55.75,30.57,7.82,2.98,1.25,0.45,0.79,0.3,0.03,0.03,0.03,0.01
2019-10,51.28,22.77,15.12,7.86,1.4,0.51,0.67,0.26,0.03,0.02,0.04,0.03
2019-11,49.67,22.18,17.28,8.23,1.29,0.45,0.56,0.19,0.03,0.09,0.02,0.01
2019-12,50.67,19.18,19.04,8.8,1.16,0.46,0.49,0.13,0.02,0.03,0.02,0.01
2020-01,42.33,20.7,23.47,10.86,1.32,0.51,0.55,0.17,0.02,0.02,0.02,0.02
2020-02,43.35,18.37,24.08,11.69,1.31,0.47,0.51,0.16,0.02,0.03,0.01,0.01
2020-03,42.08,16.11,25.69,13.57,1.34,0.45,0.5,0.21,0.03,0.01,0.01,0.01
2020-04,38.24,19.56,25.54,13.73,1.54,0.59,0.55,0.19,0.02,0.01,0.02,0.01
2020-05,55.89,29.86,9.01,1.41,1.82,0.71,0.89,0.3,0.06,0.01,0.03,0.01
